ASC_CAR = 2.6326543838587857
ASC_PT = 3.3469244849460136
ASC_WALK = 3.8668536665311875
B_COST = -0.17380398531696928
B_TIME = -5.5003298848664395
