ASC_CAR = 2.385329124913644
ASC_PT = 3.1711559380585497
ASC_WALK = 3.819541374242846
B_COST = -0.02975654019060642
B_TIME = -5.680501314957552
