ASC_CAR = 2.6902679719952722
ASC_PT = 3.3049216958149565
ASC_WALK = 3.6806650022608163
B_COST = -0.17450926858504387
B_TIME = -4.662447569297986
