ASC_CAR = 4.226506428888693
ASC_PT = 4.050779022216432
ASC_WALK = 1.9112159077092226
B_COST = -0.1105488990811336
B_DRIVING_TRAFFIC_PERCENT = -3.0205188957178595
B_TIME_BIKE = -2.978722817200426
B_TIME_CAR = -2.3902434025459853
B_TIME_PT = -2.16109593298503
B_TIME_WALK_adult = -5.41026694817571
B_TIME_WALK_senior = -5.0233036513421805
B_TIME_WALK_young = -5.230304891107247
B_TIME_WALK_young_adult = -6.104398041958585
LAMBDA = 0.30121139427467375
