ASC_CAR = 4.361561798595423
ASC_PT = 3.821165857836251
ASC_WALK = 1.7762320912446512
B_COST = -0.11426854802633582
B_DRIVING_TRAFFIC_PERCENT = -3.0955200213009877
B_TIME_BIKE = -1.9776016951795699
B_TIME_CAR = -1.481534167778116
B_TIME_PT = -1.569909791189638
B_TIME_WALK_adult = -4.219468253995682
B_TIME_WALK_senior = -3.9039129519843834
B_TIME_WALK_young = -4.077113350749219
B_TIME_WALK_young_adult = -4.814037982251003
