ASC_CAR_0 = 3.0241406948558924
ASC_CAR_1 = 2.2354299137083213
ASC_CAR_2 = 2.5954857145026904
ASC_CAR_3 = 3.5706299942424917
ASC_PT_0 = 2.592632425657408
ASC_PT_1 = 2.35834302657706
ASC_PT_2 = 1.9405815187857727
ASC_PT_3 = 2.989595187430938
ASC_WALK_0 = 4.900267147171379
ASC_WALK_1 = 5.329164265980132
ASC_WALK_2 = 4.67947966187617
ASC_WALK_3 = 5.135584583311506
B_COST = -0.1482618640654897
B_TIME_BIKE = -5.914611969256307
B_TIME_CAR = -6.3087469848475175
B_TIME_PT = -3.460621416221553
B_TIME_WALK = -9.041581172340132
