ASC_CAR = 3.4150519868618034
ASC_PT = 2.119800724535309
ASC_WALK = 4.999746802456797
B_COST = -0.107733963633689
B_DRIVING_TRAFFIC_PERCENT = -3.4011179345332705
B_TIME_BIKE = -5.100189726958592
B_TIME_CAR = -4.081927727453879
B_TIME_PT = -2.7750726403293475
B_TIME_WALK_adult = -8.930407896315835
B_TIME_WALK_senior = -11.001712894684607
B_TIME_WALK_young = -9.995390522746847
B_TIME_WALK_young_adult = -7.671718880031109
