ASC_CAR_0 = 1.4389333380285758
ASC_CAR_1 = 0.48214463839751454
ASC_CAR_2 = 1.1688654373857565
ASC_CAR_3 = 1.704061178254154
ASC_CAR_4 = 1.31632552321355
ASC_CAR_5 = 2.1177930522309265
ASC_PT_0 = 1.4116202225668841
ASC_PT_1 = 0.9190241210149164
ASC_PT_2 = 0.9397578306652267
ASC_PT_3 = 1.367030375367261
ASC_PT_4 = 0.7697564604819709
ASC_PT_5 = 1.3629978145887007
ASC_WALK_0 = 2.395098980604706
ASC_WALK_1 = 2.522383197419097
ASC_WALK_2 = 2.2760285128192494
ASC_WALK_3 = 2.5622794102018496
ASC_WALK_4 = 1.5791416878845421
ASC_WALK_5 = 2.9866216733017583
B_COST = -0.1607985111426713
B_TIME_BIKE = -6.323980558869418
B_TIME_CAR = -6.120688101955697
B_TIME_PT = -3.566829046961193
B_TIME_WALK = -9.121918160092763
