ASC_CAR = 4.1821395973652615
ASC_PT = 4.0076438236481025
ASC_WALK = 1.4790884059405236
B_COST = -0.08274375241618392
B_DRIVING_TRAFFIC_PERCENT = -2.394863590563573
B_TIME_BIKE = -2.360760866849801
B_TIME_CAR = -1.7823744672830142
B_TIME_PT = -1.651200449999747
B_TIME_WALK_adult = -4.850954923124876
B_TIME_WALK_senior = -4.462937626126802
B_TIME_WALK_young = -4.665271863990312
B_TIME_WALK_young_adult = -5.54750994475092
LAMBDA = 0.25418850496809137
mu = 1.3189998084721752
