ASC_CAR = 2.66179201100421
ASC_PT = 2.5033267347555057
ASC_WALK = -0.28962273249947396
B_COST = -0.06786977371261678
B_DRIVING_TRAFFIC_PERCENT = -1.9996626979439254
B_TIME_BIKE = -1.7725953111846515
B_TIME_CAR = -1.4437621237902694
B_TIME_PT = -1.347345579092889
B_TIME_WALK_adult = -4.53536790511682
B_TIME_WALK_senior = -4.144232211101436
B_TIME_WALK_young = -4.34559368559775
B_TIME_WALK_young_adult = -5.237741373722134
LAMBDA = 0.23402535651643916
mu = 1.5957101947005274
