ASC_CAR = 2.790573099184985
ASC_PT = 2.141071510687856
ASC_WALK = 4.80177748425188
B_COST = -0.14765268286690195
B_TIME_BIKE = -5.689857420601741
B_TIME_CAR = -6.433388305336826
B_TIME_PT = -3.0461023097307294
B_TIME_WALK = -8.777087602667127
