ASC_CAR = 2.7808535746738055
ASC_PT = 2.2911242016891564
ASC_WALK = 4.837374913828779
B_COST = -0.15610130792837731
B_TIME_BIKE = -5.732869477450641
B_TIME_CAR = -6.397447088904477
B_TIME_PT = -3.4459524454599437
B_TIME_WALK = -8.847230242848257
