ASC_CAR = 2.8184626603614764
ASC_PT = 2.1470157179205263
ASC_WALK = 4.860355854469822
B_COST = 0.0014008982022462497
B_TIME_BIKE = -5.795920880889059
B_TIME_CAR = -7.489480933378591
B_TIME_PT = -3.6007818771940436
B_TIME_WALK = -8.922750640827777
