ASC_CAR = 2.790085748448822
ASC_PT = 2.1406129881937
ASC_WALK = 4.801065645499571
B_COST = -0.1476479527736704
B_TIME_BIKE = -5.692502700068865
B_TIME_CAR = -6.434886747683375
B_TIME_PT = -3.0470108396469957
B_TIME_WALK = -8.776907666198362
